Yogi, Bear
306.27
663.39
831.02
516.11
281.58
881.84
168.69
533.56
803.2
619.57
313.56
787.86
Gates, William
440.32
278.51
509.75
967.44
130.48
823.05
659.67
705.68
990.18
401.28
389.01
742.74
Mouse, Daisy
310.02
58.66
633.61
853.3
204.47
56.31
790.89
261.83
658.5
465.37
106.45
418.7
Baker, Tracy
456.55
255.85
685.8
321.39
463.86
666.73
708.92
774.54
73.71
514.82
67.68
77.07
Adams, Shannon
285.6
185.57
516.98
157.02
414.27
596.75
109.63
78.14
507.48
302.9
207.38
440.51
Anderson, Shelby
509.03
576.55
484.66
901.18
596.34
110.37
650.41
469.6
991.54
733.18
556.2
768.38
Williams, Taylor
434.43
72.46
220.51
832.61
550.41
997.9
177.45
277.49
772.74
652.24
90.52
245.28